511.748
488.665
426.61
436.453
427.124
509.177
432.574
426.551
424.589
447.891
433.142
473.506
444.313
425.531
512.196
427.142
526.013
426.347
474.186
433.661
461.415
509.359
508.936
434.888
509.014
425.081
423.997
432.039
527.473
465.921
425.529
426.834
433.683
424.662
510.937
433.33
425.452
507.676
424.648
434.318
510.494
426.557
425.079
511.953
509.52
509.797
426.708
434.909
423.757
512.184
510.491
439.457
432.002
511.04
494.932
432.628
523.734
431.313
454.841
477.404
524.431
435.115
494.985
461.195
469.53
425.637
524.978
434.622
510.437
511.058
463.84
503.901
441.686
488.96
434.956
511.271
509.524
426.432
433.793
509.803
511.139
424.141
432.993
511.907
456.687
509.708
524.393
427.051
478.433
526.224
512.213
425.832
433.862
426.912
510.145
434.929
452.224
526.737
433.97
476.42
433.163
424.341
467.05
512.068
431.823
461.845
433.797
425.205
433.711
478.374
434.377
509.617
425.266
503.498
509.137
432.338
510.613
505.864
431.911
451.338
500.468
423.982
481.982
426.52
427.417
427.218
470.328
453.513
526.477
473.575
509.564
463.038
425.816
424.455
424.087
426.406
432.194
426.651
424.134
460.765
521.794
429.339
423.688
425.564
424.182
459.465
459.284
525.954
433.859
512.257
459.33
426.517
423.852
424.017
510.468
458.846
523.757
509.206
458.682
526.756
